0 0.3038 1.3190 0.6692 0.1064 0.1568 0 0 0.4130 0.1260 0.0490 0.0854 0.1890 0.2086 0 0.1778 0.2660 0.0560 0.0224 0.1050 0 0 0.2324 0.0812 0.0252 0.0224 0.0812 0.0700 1 1 0 1 1 1 1 1 1 1 1 1 1 1 1 1 1 1 1 1 -1
0 0.3038 1.3190 0.6692 0.1064 0.1568 0 0 0.4130 0.1260 0.0490 0.0854 0.1890 0.2086 0 0.1778 0.2660 0.0560 0.0224 0.1050 0 0 0.2324 0.0812 0.0252 0.0224 0.0812 0.0700 1 1 1 0 1 1 1 1 1 1 1 1 1 1 1 1 1 1 1 1 -1
0 0.3038 1.3190 0.6692 0.1064 0.1568 0 0 0.4130 0.1260 0.0490 0.0854 0.1890 0.2086 0 0.1778 0.2660 0.0560 0.0224 0.1050 0 0 0.2324 0.0812 0.0252 0.0224 0.0812 0.0700 1 1 1 1 0 1 1 1 1 1 1 1 1 1 1 1 1 1 1 1 1
0 0.3038 1.3190 0.6692 0.1064 0.1568 0 0 0.4130 0.1260 0.0490 0.0854 0.1890 0.2086 0 0.1778 0.2660 0.0560 0.0224 0.1050 0 0 0.2324 0.0812 0.0252 0.0224 0.0812 0.0700 1 1 1 1 1 0 1 1 1 1 1 1 1 1 1 1 1 1 1 1 1
0 0.3038 1.3190 0.6692 0.1064 0.1568 0 0 0.4130 0.1260 0.0490 0.0854 0.1890 0.2086 0 0.1778 0.2660 0.0560 0.0224 0.1050 0 0 0.2324 0.0812 0.0252 0.0224 0.0812 0.0700 1 1 1 1 1 1 1 1 0 1 1 1 1 1 1 1 1 1 1 1 1
0 0.3038 1.3190 0.6692 0.1064 0.1568 0 0 0.4130 0.1260 0.0490 0.0854 0.1890 0.2086 0 0.1778 0.2660 0.0560 0.0224 0.1050 0 0 0.2324 0.0812 0.0252 0.0224 0.0812 0.0700 1 1 1 1 1 1 1 1 1 0 1 1 1 1 1 1 1 1 1 1 -1
0 0.3038 1.3190 0.6692 0.1064 0.1568 0 0 0.4130 0.1260 0.0490 0.0854 0.1890 0.2086 0 0.1778 0.2660 0.0560 0.0224 0.1050 0 0 0.2324 0.0812 0.0252 0.0224 0.0812 0.0700 1 1 1 1 1 1 1 1 1 1 0 1 1 1 1 1 1 1 1 1 -1
0 0.3038 1.3190 0.6692 0.1064 0.1568 0 0 0.4130 0.1260 0.0490 0.0854 0.1890 0.2086 0 0.1778 0.2660 0.0560 0.0224 0.1050 0 0 0.2324 0.0812 0.0252 0.0224 0.0812 0.0700 1 1 1 1 1 1 1 1 1 1 1 0 1 1 1 1 1 1 1 1 -1
0 0.3712 1.6118 0.8178 0.1300 0.1916 0 0 0.5047 0.1540 0.0599 0.1044 0.2310 0.2549 0 0.2173 0.3251 0.0684 0.0274 0.1283 0 0 0.2840 0.0992 0.0308 0.0274 0.0992 0.0855 1 1 1 1 1 1 0 1 1 1 1 1 1 1 1 1 1 1 1 1 1
0 0.3722 1.6158 0.8198 0.1303 0.1921 0 0 0.5059 0.1544 0.0600 0.1046 0.2315 0.2555 0 0.2178 0.3259 0.0686 0.0274 0.1283 0 0 0.2847 0.0995 0.0309 0.0274 0.0995 0.0858 1 1 1 1 1 1 0 1 1 1 1 1 1 1 1 1 1 1 1 1 1
0 0.3038 1.3190 0.6692 0.1064 0.1568 0 0 0.4130 0.1260 0.0490 0.0854 0.1890 0.2086 0 0.1778 0.2660 0.0560 0.0224 0.1050 0 0 0.2324 0.0812 0.0252 0.0224 0.0812 0.0700 1 1 1 1 1 1 0 1 1 1 1 1 1 1 1 1 1 1 1 1 1
0 0.3676 1.5960 0.8097 0.1287 0.1897 0 0 0.4997 0.1525 0.0593 0.1033 0.2287 0.2524 0 0.2151 0.3219 0.0678 0.0271 0.1271 0 0 0.2812 0.0983 0.0305 0.0271 0.0983 0.0847 1 1 1 1 1 1 1 1 1 1 1 1 0 1 1 1 1 1 1 1 1
0 0.3038 1.3190 0.6692 0.1064 0.1568 0 0 0.4130 0.1260 0.0490 0.0854 0.1890 0.2086 0 0.1778 0.2660 0.0560 0.0224 0.1050 0 0 0.2324 0.0812 0.0252 0.0224 0.0812 0.0700 1 1 1 1 1 1 1 1 1 1 1 1 1 1 1 0 1 1 1 1 -1
0 0.3539 1.5366 0.7796 0.1240 0.1827 0 0 0.4811 0.1468 0.0571 0.0995 0.2202 0.2430 0 0.2071 0.3099 0.0652 0.0261 0.1223 0 0 0.2707 0.0946 0.0294 0.0261 0.0946 0.0816 1 1 1 1 1 1 1 1 1 1 1 1 1 1 1 0 1 1 1 1 -1
0 0.3530 1.5327 0.7776 0.1236 0.1822 0 0 0.4799 0.1464 0.0569 0.0992 0.2196 0.2424 0 0.2066 0.3091 0.0651 0.0260 0.1220 0 0 0.2700 0.0944 0.0293 0.0260 0.0944 0.0813 1 1 1 1 1 1 1 1 1 1 1 1 1 1 1 0 1 1 1 1 1
0 0.3038 1.3190 0.6692 0.1064 0.1568 0 0 0.4130 0.1260 0.0490 0.0854 0.1890 0.2086 0 0.1778 0.2660 0.0560 0.0224 0.1050 0 0 0.2324 0.0812 0.0252 0.0224 0.0812 0.0700 1 1 1 1 1 1 1 1 1 1 1 1 1 1 1 1 1 0 1 1 -1
0 0.3509 1.5234 0.7729 0.1229 0.1811 0 0 0.4770 0.1455 0.0566 0.0986 0.2183 0.2409 0 0.2054 0.3072 0.0647 0.0259 0.1213 0 0 0.2684 0.0938 0.0291 0.0259 0.0938 0.0809 1 1 1 1 1 1 1 1 1 1 1 1 1 0 1 1 1 1 1 1 -1
0 0.3494 1.5168 0.7696 0.1224 0.1803 0 0 0.4749 0.1449 0.0563 0.0982 0.2173 0.2399 0 0.2045 0.3059 0.0644 0.0258 0.1207 0 0 0.2673 0.0934 0.0290 0.0258 0.0934 0.0805 1 1 1 1 1 1 1 1 1 1 1 1 1 0 1 1 1 1 1 1 1
0 0.3612 1.5683 0.7957 0.1265 0.1864 0 0 0.4911 0.1498 0.0583 0.1015 0.2247 0.2480 0 0.2114 0.3163 0.0666 0.0266 0.1248 0 0 0.2763 0.0965 0.0300 0.0266 0.0965 0.0832 0 1 1 1 1 1 1 1 1 1 1 1 1 1 1 1 1 1 1 1 -1
0 0.3038 1.3190 0.6692 0.1064 0.1568 0 0 0.4130 0.1260 0.0490 0.0854 0.1890 0.2086 0 0.1778 0.2660 0.0560 0.0224 0.1050 0 0 0.2324 0.0812 0.0252 0.0224 0.0812 0.0700 0 1 1 1 1 1 1 1 1 1 1 1 1 1 1 1 1 1 1 1 1
0 0.3621 1.5722 0.7977 0.1268 0.1869 0 0 0.4923 0.1502 0.0584 0.1018 0.2253 0.2487 0 0.2119 0.3171 0.0668 0.0267 0.1252 0 0 0.2770 0.0968 0.0300 0.0267 0.0968 0.0834 0 1 1 1 1 1 1 1 1 1 1 1 1 1 1 1 1 1 1 1 1
0 0.3439 1.4931 0.7575 0.1204 0.1775 0 0 0.4675 0.1426 0.0555 0.0967 0.2139 0.2361 0 0.2013 0.3011 0.0634 0.0254 0.1189 0 0 0.2631 0.0919 0.0285 0.0254 0.0919 0.0792 1 0 1 1 1 1 1 1 1 1 1 1 1 1 1 1 1 1 1 1 1
0 0.3448 1.4971 0.7595 0.1208 0.1780 0 0 0.4688 0.1430 0.0556 0.0969 0.2145 0.2368 0 0.2018 0.3019 0.0636 0.0254 0.1192 0 0 0.2638 0.0922 0.0286 0.0254 0.0922 0.0795 1 0 1 1 1 1 1 1 1 1 1 1 1 1 1 1 1 1 1 1 1
0 0.3712 1.6118 0.8178 0.1300 0.1916 0 0 0.5047 0.1540 0.0599 0.1044 0.2310 0.2549 0 0.2173 0.3251 0.0684 0.0274 0.1283 0 0 0.2840 0.0992 0.0308 0.0274 0.0992 0.0855 1 1 1 1 1 1 1 1 1 1 0 1 1 1 1 1 1 1 1 1 -1
0 0.3722 1.6158 0.8198 0.1303 0.1921 0 0 0.5059 0.1544 0.0600 0.1046 0.2315 0.2555 0 0.2178 0.3259 0.0686 0.0274 0.1283 0 0 0.2847 0.0995 0.0309 0.0274 0.0995 0.0858 1 1 1 1 1 1 1 1 1 1 0 1 1 1 1 1 1 1 1 1 -1
0 0.3539 1.5366 0.7796 0.1240 0.1827 0 0 0.4811 0.1468 0.0571 0.0995 0.2202 0.2430 0 0.2071 0.3099 0.0652 0.0261 0.1223 0 0 0.2707 0.0946 0.0294 0.0261 0.0946 0.0816 1 1 1 1 1 1 1 1 1 1 0 1 1 1 1 1 1 1 1 1 -1
0 0.3530 1.5327 0.7776 0.1236 0.1822 0 0 0.4799 0.1464 0.0569 0.0992 0.2196 0.2424 0 0.2066 0.3091 0.0651 0.0260 0.1220 0 0 0.2700 0.0944 0.0293 0.0260 0.0944 0.0813 1 1 1 1 1 1 1 1 1 1 0 1 1 1 1 1 1 1 1 1 -1
0 0.3509 1.5234 0.7729 0.1229 0.1811 0 0 0.4770 0.1455 0.0566 0.0986 0.2183 0.2409 0 0.2054 0.3072 0.0647 0.0259 0.1213 0 0 0.2684 0.0938 0.0291 0.0259 0.0938 0.0809 1 1 1 1 1 1 1 1 1 1 0 1 1 1 1 1 1 1 1 1 -1
0 0.3494 1.5168 0.7696 0.1224 0.1803 0 0 0.4749 0.1449 0.0563 0.0982 0.2173 0.2399 0 0.2045 0.3059 0.0644 0.0258 0.1207 0 0 0.2673 0.0934 0.0290 0.0258 0.0934 0.0805 1 1 1 1 1 1 1 1 1 1 0 1 1 1 1 1 1 1 1 1 -1
0 0.3612 1.5683 0.7957 0.1265 0.1864 0 0 0.4911 0.1498 0.0583 0.1015 0.2247 0.2480 0 0.2114 0.3163 0.0666 0.0266 0.1248 0 0 0.2763 0.0965 0.0300 0.0266 0.0965 0.0832 1 1 0 1 1 1 1 1 1 1 1 1 1 1 1 1 1 1 1 1 -1
0 0.3621 1.5722 0.7977 0.1268 0.1869 0 0 0.4923 0.1502 0.0584 0.1018 0.2253 0.2487 0 0.2119 0.3171 0.0668 0.0267 0.1252 0 0 0.2770 0.0968 0.0300 0.0267 0.0968 0.0834 1 1 0 1 1 1 1 1 1 1 1 1 1 1 1 1 1 1 1 1 -1
0 0.3439 1.4931 0.7575 0.1204 0.1775 0 0 0.4675 0.1426 0.0555 0.0967 0.2139 0.2361 0 0.2013 0.3011 0.0634 0.0254 0.1189 0 0 0.2631 0.0919 0.0285 0.0254 0.0919 0.0792 1 1 0 1 1 1 1 1 1 1 1 1 1 1 1 1 1 1 1 1 -1
0 0.3448 1.4971 0.7595 0.1208 0.1780 0 0 0.4688 0.1430 0.0556 0.0969 0.2145 0.2368 0 0.2018 0.3019 0.0636 0.0254 0.1192 0 0 0.2638 0.0922 0.0286 0.0254 0.0922 0.0795 1 1 0 1 1 1 1 1 1 1 1 1 1 1 1 1 1 1 1 1 -1
0 0.3712 1.6118 0.8178 0.1300 0.1916 0 0 0.5047 0.1540 0.0599 0.1044 0.2310 0.2549 0 0.2173 0.3251 0.0684 0.0274 0.1283 0 0 0.2840 0.0992 0.0308 0.0274 0.0992 0.0855 1 1 0 1 1 1 1 1 1 1 1 1 1 1 1 1 1 1 1 1 -1
0 0.3722 1.6158 0.8198 0.1303 0.1921 0 0 0.5059 0.1544 0.0600 0.1046 0.2315 0.2555 0 0.2178 0.3259 0.0686 0.0274 0.1283 0 0 0.2847 0.0995 0.0309 0.0274 0.0995 0.0858 1 1 0 1 1 1 1 1 1 1 1 1 1 1 1 1 1 1 1 1 -1
0 0.3539 1.5366 0.7796 0.1240 0.1827 0 0 0.4811 0.1468 0.0571 0.0995 0.2202 0.2430 0 0.2071 0.3099 0.0652 0.0261 0.1223 0 0 0.2707 0.0946 0.0294 0.0261 0.0946 0.0816 1 1 0 1 1 1 1 1 1 1 1 1 1 1 1 1 1 1 1 1 -1
0 0.3530 1.5327 0.7776 0.1236 0.1822 0 0 0.4799 0.1464 0.0569 0.0992 0.2196 0.2424 0 0.2066 0.3091 0.0651 0.0260 0.1220 0 0 0.2700 0.0944 0.0293 0.0260 0.0944 0.0813 1 1 0 1 1 1 1 1 1 1 1 1 1 1 1 1 1 1 1 1 -1